NrParticles Ln(NrParticles) Resolution(A) 1/Resolution^2 PostProcessBfactor
        100           4.605         27.00         0.0014              -0.00
        200           5.298         15.43         0.0042              -0.00
        400           5.991         10.80         0.0086             416.69
        800           6.685         15.43         0.0042            7697.93
       1600           7.378         16.62         0.0036             477.69
       3200           8.071         10.29         0.0095             686.40
       6400           8.764          8.64         0.0134              98.36
      12800           9.457          4.70         0.0454              95.31
      25600          10.150          4.24         0.0557              84.41
      51200          10.843          3.32         0.0906              62.11
     102400          11.537          3.09         0.1050              62.53
     200953          12.211          2.96         0.1142              55.62

