NrParticles Ln(NrParticles) Resolution(A) 1/Resolution^2 PostProcessBfactor
        100           4.605         14.40         0.0048             548.80
        200           5.298         18.00         0.0031              -0.00
        400           5.991         15.43         0.0042              -0.00
        800           6.685         18.00         0.0031              -0.00
       1600           7.378          9.39         0.0113             644.22
       3200           8.071          9.00         0.0123             488.90
       6400           8.764          8.00         0.0156              67.47
      12800           9.457          5.84         0.0293              75.50
      25600          10.150          4.41         0.0515              95.71
      51200          10.843          3.54         0.0798              74.62
     102400          11.537          3.27         0.0934              84.15
     204800          12.230          3.09         0.1050              80.81
     409600          12.923          2.96         0.1142              75.84
     733728          13.506          2.84         0.1238              81.00

